song_name,tempo_variation,BPM,repetitiveness,seconds_duration,loudness_variation,max_spectral_centroid,median_spectral_rolloff_high_pitch,median_spectral_rolloff_low_pitch,key_changes,note_above_threshold_set,percussive_presence,accented_Hzs_median,target
01 Dumpweed.flac,2.177394662197522,99.38401442307692,0.016949152542372836,143.49931972789116,0.009941577673219421,0.7601941747572816,5598.6328125,312.2314453125,0,3,0.637090802192688,4.0,Punk
02 Don't Leave Me.flac,3.776447526338104,143.5546875,0.25,143.38321995464852,0.009480680561108835,0.8774089068825911,5889.3310546875,290.6982421875,0,3,0.5934377782345254,5.0,Punk
03 Aliens Exist.flac,1.925988238432436,107.666015625,0.03749999999999998,193.00426303854874,0.011854912124493936,0.6450914340712224,5469.43359375,247.6318359375,1,3,0.5345301628112793,3.0,Punk
04 Going Away to College.flac,0.0,103.359375,0.24637681159420288,179.37414965986395,0.0057313266424077495,0.20763754045307445,5394.0673828125,366.064453125,0,5,0.4817233510373835,4.0,Punk
05 What's My Age Again_.flac,5.203332832457317,161.4990234375,0.21126760563380287,148.39873015873016,0.020139781966628648,0.3680175246440307,5469.43359375,269.1650390625,0,4,0.49642723190081806,5.0,Punk
06 Dysentery Gary.flac,2.5639611058485308,112.34714673913044,0.13157894736842102,165.39573696145123,0.009065946176122842,0.9890495577706023,5211.03515625,312.2314453125,0,4,0.45056452808293807,3.0,Punk
07 Adam's Song.flac,0.0,135.99917763157896,0.26724137931034486,249.52163265306123,0.04553276190494632,0.03927042620509957,5124.90234375,269.1650390625,0,4,0.40427374839782715,4.0,Punk
08 All the Small Things.flac,42.81599587850585,151.99908088235293,0.3402061855670103,166.44063492063492,0.00548036532128696,0.5118582589285714,5469.43359375,236.865234375,0,2,0.4605749249458313,4.0,Punk
09 The Party Song.flac,3.7852692671668233,117.45383522727273,0.10909090909090913,137.8336507936508,0.029462370630231088,0.013140161725067386,4898.8037109375,269.1650390625,1,4,0.5132817029953003,5.0,Punk
10 Mutt.flac,1.925988238432436,107.666015625,0.0625,203.33714285714285,0.02084111310299924,0.7483156332077195,4995.703125,269.1650390625,0,4,0.4989695091186338,3.0,Punk
11 Wendy Clear.flac,2.2837805198803607,117.45383522727273,0.5974025974025974,170.41124716553287,0.005786200041042095,0.8700095380842078,5673.9990234375,301.46484375,0,3,0.4170833909707498,4.0,Punk
12 Anthem.flac,4.8869542980675975,103.359375,0.0444444444444444,217.22267573696146,0.017756792918062717,0.23666488508818811,5216.41845703125,366.064453125,4,3,0.5303972985778852,4.0,Punk
01-82142-Punkteticos-Voy a desalojarte.mp3,0.0,129.19921875,0.0625,101.74984126984127,0.0068290557492850954,0.028069374714742128,5264.8681640625,193.798828125,0,4,0.5086010098457336,3.0,Punk
02-82143-Punkteticos-Kioskito.mp3,0.0,123.046875,0.022222222222222254,94.22657596371882,0.015884028291302806,0.7481517989157221,4285.107421875,215.33203125,0,3,0.4717753827571869,3.0,Punk
03-82144-Punkteticos-Por que sera.mp3,0.0,129.19921875,0.1311475409836066,114.38149659863946,0.01664584311990281,0.9979699553390174,4963.4033203125,215.33203125,0,3,0.5289256572723389,3.0,Punk
04-82145-Punkteticos-Dame tu corazon.mp3,0.0,129.19921875,0.07692307692307687,80.61968253968254,0.012883370060234777,0.7422235023041475,4791.1376953125,226.0986328125,0,2,0.4893726110458374,3.0,Punk
05-82146-Punkteticos-No.mp3,1.8720985852227356,92.28515625,0.5892857142857143,151.3708843537415,0.014030164926763082,0.8100935726338395,4446.6064453125,193.798828125,0,4,0.4700673205485197,3.0,Punk
06-82147-Punkteticos-Suenos.mp3,0.0,129.19921875,0.10144927536231885,143.10458049886623,0.012774167009283133,0.9243874736329708,4791.1376953125,226.0986328125,3,4,0.47856165237634674,4.0,Punk
07-82148-Punkteticos-Otra vez.mp3,0.0,129.19921875,0.33333333333333337,135.58131519274377,0.009236035337792634,0.5358794314094879,4898.8037109375,204.5654296875,0,2,0.49519952899562,3.0,Punk
08-82149-Punkteticos-Nunca mas.mp3,0.0,129.19921875,0.07017543859649122,113.081179138322,0.007592903421095847,0.03737166324435318,4586.572265625,204.5654296875,0,3,0.44868138432502747,3.0,Punk
09-82150-Punkteticos-A donde voy.mp3,9.330491269047807,129.19921875,0.1527777777777778,141.0380045351474,0.0061071778716631124,0.47942048073757,5017.236328125,204.5654296875,0,3,0.5080024003982544,3.0,Punk
10-82151-Punkteticos-No se ligar.mp3,50.708856411116315,123.046875,0.061224489795918324,98.80090702947845,0.016301753208207738,0.9807285546415981,4382.0068359375,269.1650390625,0,4,0.5395183910222896,4.0,Punk
11-82152-Punkteticos-Y por favor.mp3,2.751411769189194,123.046875,0.1568627450980392,101.8659410430839,0.006603115130442725,0.6886254843856849,4091.30859375,215.33203125,0,4,0.5042307786956225,4.0,Punk
12-82153-Punkteticos-Sera que soy patetico.mp3,0.0,129.19921875,0.048387096774193505,114.56480725623582,0.0174430749479412,0.5210893714318289,4446.6064453125,204.5654296875,0,2,0.5172070773682138,3.0,Punk
